1.58e+00
3.90e-02
3.92e-03
1.06e-03
3.25e-04
9.66e-05
2.74e-05
9.81e-06
6.71e-06
7.46e-03
6.73e-01
6.21e-01
6.25e-01
5.17e-01
2.63e-01
1.36e-01
8.63e-02
6.13e-02
4.47e-02
3.56e-02
3.00e-02
2.59e-02
2.27e-02
2.04e-02
1.93e-02
2.05e-02
2.52e-02
2.78e-02
2.88e-02
3.63e-02
8.32e-02
9.96e-02
9.95e-02
1.02e-01
1.06e-01
1.12e-01
3.59e-01
2.95e-01
2.42e-01
2.07e-01
1.85e-01
1.47e-01
1.13e-01
9.42e-02
8.17e-02
7.19e-02
6.26e-02
5.50e-02
4.89e-02
4.42e-02
4.08e-02
3.80e-02
3.58e-02
3.38e-02
3.22e-02
3.07e-02
2.94e-02
2.79e-02
2.67e-02
2.55e-02
2.46e-02
2.35e-02
2.25e-02
2.18e-02
2.09e-02
2.04e-02
2.01e-02
1.97e-02
1.94e-02
1.90e-02
1.84e-02
1.81e-02
1.77e-02
1.74e-02
1.70e-02
1.67e-02
1.65e-02
1.64e-02
1.61e-02
1.60e-02
