4.99e+02
-1.85e+02
-5.50e+02
-6.42e+02
-6.73e+02
-6.87e+02
-6.94e+02
-6.98e+02
-6.96e+02
-6.97e+02
-6.98e+02
-7.07e+02
-7.07e+02
-7.08e+02
-7.10e+02
-7.08e+02
-7.12e+02
-7.18e+02
-7.20e+02
-7.24e+02
-7.26e+02
-7.28e+02
-7.37e+02
-7.38e+02
-7.40e+02
-7.38e+02
-7.41e+02
-7.46e+02
-7.50e+02
-7.50e+02
-7.53e+02
-7.56e+02
-7.66e+02
-7.67e+02
-7.68e+02
-7.68e+02
-7.64e+02
-7.65e+02
-7.65e+02
-7.61e+02
-7.61e+02
-7.65e+02
-7.68e+02
-7.79e+02
-7.80e+02
-7.82e+02
-7.78e+02
-7.79e+02
-7.80e+02
-7.81e+02
-7.90e+02
-7.91e+02
-7.92e+02
-7.88e+02
-7.89e+02
-7.89e+02
-7.90e+02
-7.86e+02
-7.86e+02
-7.86e+02
-7.95e+02
-7.95e+02
-7.95e+02
-7.96e+02
-7.91e+02
-7.92e+02
-7.92e+02
-7.87e+02
-7.88e+02
-7.88e+02
-7.88e+02
-7.96e+02
-7.96e+02
-7.96e+02
-7.92e+02
-7.92e+02
-7.92e+02
-7.92e+02
-7.88e+02
-7.88e+02
